0
0,0,1,1,0,1,1,0,0,1,1,1,1,1,0,0,0,0,0,1,0,1,0,1,0
0,1,0,1,1,1,0,0,0,1,0,1,0,1,0,1,1,0,1,1,0,0,0,0,0
0,0,0,1,1,1,1,1,0,1,0,0,1,1,0,0,1,1,1,1,1,1,0,1,0
1,1,0,1,0,1,1,0,1,1,0,0,1,0,0,1,1,0,0,1,0,0,1,1,1
1,0,0,1,0,0,1,0,1,1,0,1,0,1,1,1,0,0,0,1,1,0,1,0,1
1,0,1,0,1,0,0,1,1,1,1,0,0,0,0,1,0,1,0,1,0,0,0,1,1
1
0,0,0,1,0,1,0,0,0,1,0,1,1,0,1,1,0,0,1,0,0,0,0,1,1
0,0,0,1,1,1,0,1,1,1,0,0,0,0,1,0,1,0,1,1,0,0,0,1,1
1,1,0,0,1,0,1,1,1,1,1,1,0,0,0,0,1,1,1,1,1,0,1,0,0
1,1,0,0,1,1,1,1,1,1,1,0,1,0,0,0,1,1,0,0,1,0,0,0,0
1,1,0,0,0,1,0,1,0,0,1,0,0,1,1,0,0,1,1,1,0,0,1,0,0
0,1,1,1,0,0,1,0,1,0,1,1,1,1,1,1,0,1,0,1,0,0,0,1,1
2
1,1,0,0,1,0,0,1,1,0,1,0,1,0,0,1,0,0,1,0,1,0,0,0,1
1,0,0,1,0,0,1,0,1,0,1,0,1,0,0,0,0,1,0,1,0,0,1,1,1
0,0,0,0,0,0,0,0,1,1,0,0,1,0,0,0,0,0,1,0,0,1,1,0,0
0,1,0,1,0,0,0,1,1,0,1,1,0,0,0,0,0,1,1,1,0,1,0,0,0
1,1,1,1,1,0,1,1,0,0,1,0,1,1,0,0,1,1,0,1,0,0,1,0,1
0,1,0,0,0,0,0,1,0,0,0,0,1,1,1,0,1,0,0,1,0,0,1,1,0
3
1,1,0,0,1,1,0,0,1,1,1,0,0,0,0,1,0,1,0,0,1,1,0,0,1
1,1,1,0,0,0,1,0,0,0,1,0,1,0,1,1,1,1,1,1,0,1,0,0,0
0,0,1,0,0,1,1,1,1,1,0,1,0,0,1,0,0,1,0,0,0,1,1,1,1
1,1,1,0,1,0,1,0,1,1,1,1,1,0,0,0,0,0,1,0,1,0,1,0,1
0,1,1,1,0,1,0,0,1,1,0,1,1,0,0,0,0,1,1,1,0,1,0,1,0
0,1,1,1,0,1,0,0,0,1,0,1,0,1,1,1,0,0,1,0,1,1,1,1,0
4
0,0,1,1,1,0,1,0,1,0,0,1,1,0,1,0,0,0,0,0,1,1,0,0,0
1,0,1,1,0,0,1,0,1,1,1,0,0,1,0,0,1,0,0,1,1,0,0,1,1
0,0,1,0,0,1,1,1,0,1,1,1,0,0,1,0,0,0,1,1,0,1,0,0,1
1,1,0,0,1,1,0,0,1,1,0,0,0,1,1,0,1,1,1,0,1,0,0,1,0
1,0,1,1,1,1,0,0,0,0,1,1,0,0,0,0,1,1,1,0,1,0,1,0,0
0,1,1,1,0,0,0,0,1,0,1,0,0,0,0,0,1,0,0,0,1,0,1,0,1
5
1,0,0,0,0,1,1,1,0,0,0,1,1,0,1,1,0,1,0,0,0,0,1,1,0
1,0,0,0,0,0,0,0,1,0,1,1,1,1,1,1,0,1,0,0,1,1,1,1,1
0,1,0,0,1,0,0,0,0,0,1,0,0,1,1,0,1,0,1,0,1,1,1,1,0
0,0,1,1,0,1,0,0,1,0,0,0,1,1,0,1,0,1,0,0,1,0,1,1,0
0,0,0,0,0,1,0,0,0,1,0,0,1,0,0,1,1,0,1,1,1,0,0,0,1
0,1,0,1,1,0,1,0,1,0,1,1,0,1,0,0,1,0,1,0,0,0,0,0,0
6
1,1,1,0,1,1,1,0,1,0,0,0,0,1,1,1,0,0,1,0,1,0,0,1,0
1,1,0,0,1,1,1,1,1,0,0,1,0,1,1,1,1,0,1,0,1,0,0,1,1
0,1,0,0,1,1,1,1,1,1,1,0,0,1,0,0,0,1,0,1,1,1,0,0,0
0,0,0,0,1,1,1,0,1,0,1,0,1,1,0,0,1,1,1,1,1,1,0,1,1
0,1,0,1,0,1,1,0,0,0,0,1,0,0,0,1,1,0,1,1,1,0,1,1,0
1,0,0,0,1,1,0,1,0,1,0,0,0,1,0,0,0,1,1,0,1,0,0,1,0
7
0,1,1,0,1,0,1,0,0,0,1,0,0,0,1,0,0,0,1,1,1,0,0,1,1
0,1,1,0,0,0,1,1,1,0,0,0,1,1,1,0,0,0,1,0,1,0,1,0,0
1,1,0,1,0,1,0,0,0,0,0,0,0,0,1,1,1,1,0,0,0,1,1,1,1
0,0,1,0,0,1,0,0,1,1,0,1,1,0,1,0,0,1,1,0,0,1,1,0,1
1,0,1,1,0,0,1,0,1,0,1,1,0,1,0,1,1,0,0,0,1,1,0,0,1
0,1,0,0,1,1,0,0,1,0,1,0,0,1,1,1,0,0,0,1,0,1,0,0,0
8
1,0,1,0,0,0,1,1,1,0,1,1,0,1,0,0,1,0,0,0,1,1,1,0,1
1,1,1,1,0,0,1,0,1,1,0,1,1,1,0,1,1,0,0,1,0,1,1,0,1
1,0,0,0,0,0,1,0,1,0,1,0,0,1,0,1,0,1,0,0,1,1,1,0,0
1,1,1,1,0,0,0,1,1,1,0,1,0,0,0,1,1,1,0,1,1,1,1,0,0
0,0,0,0,0,1,0,1,1,0,0,0,1,0,0,1,0,1,0,1,1,1,1,0,0
1,1,1,1,0,0,0,0,0,0,1,0,0,1,0,1,0,0,0,0,0,1,1,1,0
9
0,0,0,1,1,0,0,0,1,1,0,0,0,1,0,1,1,0,1,1,0,1,1,0,1
1,1,0,0,1,0,1,1,1,0,1,0,1,1,1,0,1,1,1,0,1,1,1,0,1
0,1,1,1,1,0,1,1,0,1,0,1,1,1,0,1,0,0,1,1,1,0,0,0,0
1,0,1,1,1,1,1,0,1,0,0,0,1,1,1,0,0,1,1,1,1,1,0,1,0
0,1,1,0,0,0,1,1,1,1,1,0,0,0,0,0,1,1,0,1,0,0,1,0,1
0,0,0,1,0,0,1,0,1,1,1,0,1,0,1,0,0,1,0,1,0,0,0,0,0
10
0,1,0,1,0,1,0,0,1,1,0,1,1,1,1,0,1,0,0,1,1,0,0,0,1
0,1,0,1,1,1,1,0,1,1,0,1,0,0,0,1,0,1,0,0,1,1,1,0,0
0,1,1,1,0,0,1,1,1,1,0,1,0,1,1,0,0,0,0,1,1,0,0,1,0
0,1,1,0,1,1,1,1,1,0,0,1,0,1,1,1,1,1,1,1,0,0,1,0,0
1,0,1,1,1,0,1,0,1,0,0,1,1,0,0,1,1,1,1,0,1,1,1,0,1
1,1,0,0,1,1,0,1,0,1,0,0,1,1,1,0,0,1,0,0,0,0,0,0,1
11
0,1,0,0,0,1,0,1,0,0,1,0,0,1,0,1,1,0,0,1,0,0,1,1,0
0,1,0,0,1,1,0,0,1,0,0,0,1,0,0,0,1,0,0,1,1,1,0,0,1
0,1,0,1,0,0,1,1,0,0,1,1,1,1,0,1,1,1,1,0,0,1,0,1,1
0,1,0,0,0,1,1,0,1,1,1,0,0,0,0,0,0,1,1,1,0,1,0,0,1
1,0,1,1,0,0,1,0,0,1,1,1,1,1,0,1,0,1,1,1,1,1,1,1,1
0,1,1,0,1,1,0,1,0,0,0,1,0,1,1,1,1,0,0,0,0,1,1,0,1
12
0,0,1,1,0,1,0,0,0,1,1,0,1,0,1,0,0,1,1,0,0,1,0,0,0
1,0,0,0,1,0,1,0,1,1,1,0,1,0,0,0,1,1,1,1,0,1,1,0,1
1,1,1,0,1,0,1,0,0,1,0,1,1,1,1,1,1,1,1,0,1,0,1,0,1
0,0,1,0,1,0,1,0,0,0,0,0,0,0,1,1,1,1,0,0,0,0,1,1,1
0,1,1,1,0,1,0,0,0,1,1,1,1,1,1,1,1,1,0,1,0,1,1,1,0
0,1,1,1,1,1,0,0,1,1,0,1,1,0,1,1,1,0,1,1,1,1,1,1,0
13
1,0,0,1,1,0,0,1,1,0,0,0,0,0,0,0,0,0,1,1,0,0,1,0,0
1,0,1,0,1,0,1,0,0,0,1,0,1,0,0,1,0,1,1,0,1,0,1,1,0
0,0,0,1,1,0,0,1,0,0,0,1,1,0,0,1,0,0,1,1,0,1,0,1,1
1,1,1,0,1,1,0,1,1,0,1,1,0,1,1,0,1,1,1,0,0,0,0,1,0
1,0,0,1,1,0,0,1,0,1,0,0,0,0,1,1,0,1,1,0,0,0,1,1,1
1,0,1,1,0,0,1,1,1,1,1,0,0,0,0,0,1,0,1,0,1,0,0,0,0
14
0,1,1,1,0,1,0,1,0,0,1,1,1,0,1,0,1,1,0,1,1,1,1,0,1
1,0,1,1,1,0,0,1,0,0,0,0,1,1,0,0,0,1,1,0,0,1,1,0,1
0,1,1,0,0,0,0,1,0,0,1,0,0,1,1,0,1,1,0,0,1,1,1,1,1
0,1,1,0,1,1,0,0,1,0,0,0,1,0,1,0,1,1,0,1,1,0,0,1,0
1,0,1,0,1,1,0,0,0,1,1,1,0,0,0,1,0,0,1,0,1,0,0,1,1
0,1,0,1,0,1,1,1,0,0,1,1,0,0,1,0,0,1,0,0,0,1,0,0,1
15
0,0,0,1,0,0,1,0,0,0,1,0,0,0,0,1,0,0,0,0,1,1,0,1,0
0,0,0,0,1,0,1,1,0,1,0,1,1,0,1,1,0,0,0,0,1,0,1,1,1
0,1,1,0,1,1,1,1,0,0,0,1,0,1,1,0,1,1,1,1,0,1,0,0,0
1,0,0,0,0,1,0,0,1,1,0,0,1,0,1,0,1,0,0,1,0,1,1,1,1
1,1,1,1,1,0,0,0,1,1,1,1,0,0,0,0,0,1,1,1,0,1,1,0,0
1,0,0,0,1,1,1,0,1,0,0,1,1,1,0,1,0,0,1,0,1,1,1,1,0
16
1,1,1,1,0,1,1,0,0,1,0,1,1,0,0,0,1,1,0,1,1,0,0,0,0
1,0,0,0,1,0,1,0,1,0,0,1,1,0,1,0,0,1,0,0,0,1,0,1,0
1,0,1,1,1,1,1,0,1,0,1,0,1,0,1,1,0,0,1,0,0,1,1,1,0
1,0,1,1,0,0,1,1,1,1,0,1,0,1,1,0,0,0,1,1,1,1,1,0,1
1,0,0,1,1,0,0,1,0,1,0,0,0,0,0,0,1,1,0,0,0,0,0,1,1
0,0,0,1,1,0,0,0,1,0,1,1,1,1,1,1,0,0,1,1,1,0,0,1,0
17
1,0,1,0,1,1,1,1,0,1,0,0,1,0,1,1,0,0,1,1,1,1,0,1,1
1,0,0,1,0,1,1,1,0,0,1,0,1,1,1,1,1,0,0,0,1,0,0,1,0
1,1,0,1,1,0,0,0,0,0,0,1,0,0,1,0,1,0,1,0,1,0,1,1,1
0,0,1,0,0,0,1,1,0,0,0,0,1,1,0,1,0,0,0,0,0,0,1,0,0
0,1,1,0,0,0,1,1,1,0,0,1,1,0,0,1,0,1,0,0,0,1,0,0,1
1,0,1,0,1,0,0,0,0,0,0,0,0,1,1,1,0,1,0,1,0,0,0,0,1
18
0,0,0,1,0,0,1,0,1,0,1,1,0,1,1,0,0,0,0,1,0,0,0,0,0
0,0,1,1,1,1,1,0,1,1,0,0,0,0,1,1,0,0,1,0,0,1,0,0,1
0,1,1,1,1,1,0,1,0,0,0,0,1,1,0,1,1,0,0,1,1,0,0,1,0
1,0,0,0,1,0,0,0,0,1,0,0,1,0,0,1,1,0,0,1,0,1,0,1,1
1,0,0,0,1,1,1,1,0,1,1,0,0,1,0,1,0,0,0,0,0,1,1,1,0
1,1,0,1,0,1,1,1,0,1,1,1,1,1,1,1,0,0,0,0,0,1,1,0,1
19
1,0,0,1,1,0,0,0,1,1,0,0,1,0,0,0,1,0,0,1,1,1,1,1,0
1,0,1,0,1,1,0,0,1,1,1,1,0,1,0,0,0,0,0,0,1,1,0,0,1
0,1,0,1,0,0,0,0,0,0,0,0,1,1,0,1,1,1,1,0,0,1,1,0,1
0,1,0,0,1,0,0,0,0,1,0,1,1,0,1,1,1,1,0,1,0,1,1,0,1
0,1,1,1,1,0,1,0,1,0,1,1,1,1,1,1,1,1,0,0,1,0,0,1,1
1,0,1,1,0,0,0,0,0,0,0,1,0,1,0,0,0,1,1,1,0,1,0,1,1
20
1,1,1,1,0,0,0,1,0,0,1,0,0,1,1,0,0,1,1,1,0,1,0,0,0
1,1,1,1,0,0,0,1,0,0,0,1,0,1,0,0,1,0,1,1,1,0,0,1,0
0,0,0,0,0,0,1,1,0,0,1,0,1,1,1,1,1,0,0,1,1,1,0,0,0
0,0,0,1,1,0,0,0,1,1,1,0,0,0,0,1,0,1,0,0,0,1,0,1,1
0,0,0,1,1,0,1,0,0,0,0,1,0,1,0,0,0,1,0,0,0,0,1,1,0
1,1,0,1,0,1,1,1,1,0,1,1,1,0,1,1,1,1,0,1,1,1,0,1,0
21
1,0,1,0,0,1,1,0,0,1,0,0,1,1,1,1,0,1,0,0,1,0,0,0,0
0,1,0,1,0,0,0,1,0,1,0,1,0,0,1,0,0,0,1,0,1,1,0,1,0
0,0,1,1,1,0,1,0,0,0,0,0,0,0,0,1,0,1,1,1,1,0,0,0,0
1,1,0,1,0,0,1,0,1,0,1,1,1,1,0,1,0,1,0,1,0,1,0,0,1
0,1,1,0,1,0,1,1,1,1,1,1,1,1,0,0,1,0,1,0,0,0,0,1,0
0,0,1,0,1,0,1,1,0,0,1,1,0,1,1,0,1,0,0,0,0,0,1,0,1
22
0,1,0,0,0,1,0,1,0,1,0,0,0,1,0,1,0,1,0,1,0,1,1,0,0
0,1,1,1,1,1,1,0,0,0,1,0,1,1,0,0,0,0,0,1,1,0,1,0,0
1,0,1,1,1,1,0,1,0,1,1,1,0,1,0,0,0,0,1,1,1,1,1,0,0
0,0,0,1,1,1,0,1,1,0,1,1,0,1,0,0,1,1,0,0,1,1,0,1,1
1,0,1,0,0,1,0,0,1,1,1,0,0,0,0,0,0,0,0,1,0,1,0,1,1
0,1,1,0,1,1,1,0,0,0,1,1,0,1,1,1,0,0,0,0,0,1,0,0,1
23
0,1,1,0,1,0,1,1,0,0,0,1,1,0,1,1,1,0,0,0,1,0,0,1,1
1,1,1,0,0,1,1,0,1,1,1,0,0,0,1,0,1,0,0,1,0,0,0,1,1
0,1,0,0,0,0,1,0,1,1,0,1,1,1,1,0,1,0,1,1,1,0,0,1,0
0,0,1,1,1,1,0,1,0,0,1,1,1,0,0,1,1,0,0,0,1,0,1,0,1
0,1,1,0,1,0,1,0,1,0,0,0,0,1,1,0,0,1,1,0,0,0,0,1,1
0,0,1,0,0,0,1,0,1,0,1,1,0,0,0,0,0,1,0,1,1,1,0,1,0
24
0,1,1,1,1,1,1,1,1,1,0,0,0,1,1,0,1,1,0,0,1,0,0,0,1
0,1,0,1,0,1,0,1,0,1,1,1,1,0,1,1,0,1,1,1,0,1,0,1,0
1,1,0,0,1,1,1,0,0,1,1,0,1,0,0,1,0,0,1,1,1,0,1,1,1
1,0,1,1,1,1,0,1,1,0,1,0,0,1,0,1,0,1,0,1,1,0,0,0,0
0,0,1,1,1,1,1,0,0,1,1,1,0,1,0,0,1,1,0,0,1,0,1,1,1
1,1,0,1,1,0,0,0,0,0,0,1,1,0,1,0,0,0,1,0,1,1,0,0,1
25
1,0,0,0,1,0,0,0,0,1,0,0,0,0,0,1,0,1,1,1,0,0,1,0,1
0,0,0,0,1,0,1,0,1,0,0,0,0,1,0,1,0,0,1,0,1,0,0,0,1
1,0,0,1,0,0,1,1,0,0,1,1,1,0,1,0,0,0,1,1,1,0,0,0,1
1,1,1,1,1,0,0,1,1,0,0,0,1,0,0,0,0,0,0,1,0,0,0,0,0
1,1,0,1,0,1,0,1,0,1,0,0,1,1,0,1,1,1,0,1,0,1,1,0,0
0,1,0,1,0,1,1,1,0,0,0,1,1,0,0,1,1,0,0,1,0,0,0,0,1
26
0,0,1,0,0,1,1,1,0,1,0,1,0,1,0,0,1,0,0,0,0,0,1,1,1
1,1,0,1,1,0,0,0,0,1,0,1,1,0,0,1,0,0,0,1,1,0,1,1,1
0,1,1,1,0,0,1,1,0,1,0,1,0,0,1,1,1,0,0,1,1,1,0,0,1
0,1,0,0,0,0,0,1,1,0,1,1,0,1,1,0,1,1,0,0,1,1,1,1,0
0,1,0,0,1,1,0,0,1,0,0,0,0,0,0,0,0,0,1,0,1,0,1,1,0
1,1,0,1,0,0,0,0,1,1,1,1,1,1,0,0,0,1,0,0,1,0,1,0,0